dataset: cub200
trainer: bimc_adaptive
seed: 1
runtime_sec: 76.247
final_acc: 67.07
acc_list: [82.33, 78.56, 76.91, 73.52, 72.02, 70.85, 68.96, 68.01, 66.71, 67.05, 67.07]
task-wise acc:
task  0: [82.33]
task  1: [82.19, 41.22]
task  2: [82.26, 41.58, 57.84]
task  3: [82.23, 41.58, 48.78, 43.62]
task  4: [82.26, 40.86, 48.08, 42.95, 55.0]
task  5: [82.19, 40.86, 47.39, 43.29, 55.67, 55.37]
task  6: [82.19, 40.86, 47.74, 42.62, 55.33, 55.7, 40.97]
task  7: [82.19, 40.86, 47.39, 42.62, 55.67, 55.03, 39.93, 54.88]
task  8: [82.12, 40.5, 47.39, 42.95, 55.67, 55.03, 39.58, 50.51, 50.51]
task  9: [82.12, 40.5, 47.74, 42.62, 55.67, 55.03, 39.58, 50.84, 48.47, 75.0]
task 10: [82.19, 40.14, 47.74, 42.28, 55.0, 54.7, 39.58, 50.84, 48.47, 75.0, 68.33]
