dataset: cub200
trainer: bimc
seed: 1
runtime_sec: 75.001
final_acc: 59.27
final_harmonic_acc: 51.59
final_nll: 5.15278
final_brier: 0.993439
final_ece: 0.586826
acc_list: [82.23, 77.51, 74.17, 70.52, 68.74, 66.37, 64.46, 62.51, 60.58, 59.92, 59.27]
task-wise acc:
task  0: [82.23]
task  1: [81.88, 32.62]
task  2: [81.88, 32.62, 37.63]
task  3: [81.88, 32.62, 28.22, 37.58]
task  4: [81.7, 32.26, 28.22, 36.24, 50.0]
task  5: [81.7, 30.82, 28.57, 36.24, 50.0, 35.23]
task  6: [81.35, 30.82, 28.57, 35.57, 51.0, 35.23, 38.89]
task  7: [81.35, 30.82, 28.57, 35.91, 50.67, 35.23, 38.19, 33.0]
task  8: [81.22, 30.82, 28.57, 35.57, 51.0, 35.23, 36.46, 27.27, 37.29]
task  9: [81.18, 30.82, 28.57, 35.91, 50.33, 34.56, 36.46, 27.27, 36.61, 50.0]
task 10: [81.15, 30.82, 28.92, 35.23, 51.33, 34.56, 36.46, 25.93, 36.95, 49.31, 48.67]
