dataset: cub200
trainer: bimc_adaptive_risk_base_auto_ensemble
seed: 1
runtime_sec: 88.229
final_acc: 70.94
final_harmonic_acc: 70.38
final_nll: 5.155622
final_brier: 0.993475
final_ece: 0.703563
acc_list: [82.3, 79.73, 78.8, 75.35, 74.9, 73.58, 72.76, 72.49, 70.98, 71.0, 70.94]
task-wise acc:
task  0: [82.3]
task  1: [80.1, 75.99]
task  2: [79.85, 75.63, 71.43]
task  3: [79.75, 74.19, 62.02, 46.98]
task  4: [79.22, 74.91, 60.63, 44.97, 77.0]
task  5: [78.91, 68.1, 59.93, 44.97, 77.0, 65.77]
task  6: [78.28, 67.74, 59.93, 43.96, 76.67, 66.11, 68.06]
task  7: [78.18, 67.03, 60.28, 44.3, 76.0, 65.1, 65.97, 73.06]
task  8: [78.28, 66.67, 59.58, 43.29, 76.0, 65.77, 60.76, 63.97, 60.34]
task  9: [77.97, 66.31, 59.93, 43.96, 76.0, 65.1, 60.76, 63.64, 57.29, 78.12]
task 10: [77.65, 64.87, 58.19, 42.95, 76.33, 65.44, 60.07, 63.3, 56.27, 77.78, 78.33]
