dataset: cub200
trainer: bimc_adaptive_risk_base_auto
seed: 1
runtime_sec: 60.321
final_acc: 61.03
final_harmonic_acc: 55.09
final_nll: 5.148438
final_brier: 0.993164
final_ece: 0.604412
acc_list: [80.73, 77.12, 74.46, 70.87, 69.29, 67.13, 65.54, 63.98, 61.77, 61.19, 61.03]
task-wise acc:
task  0: [80.73]
task  1: [81.11, 36.2]
task  2: [81.25, 35.84, 44.25]
task  3: [81.15, 35.84, 33.1, 41.28]
task  4: [80.52, 36.2, 34.49, 38.26, 57.0]
task  5: [80.41, 34.05, 34.15, 38.26, 57.0, 41.28]
task  6: [80.76, 32.97, 32.75, 37.92, 55.67, 39.93, 43.75]
task  7: [80.2, 34.05, 34.15, 37.58, 57.0, 40.94, 42.36, 42.09]
task  8: [80.76, 33.33, 31.71, 37.58, 54.0, 38.59, 40.62, 32.32, 39.66]
task  9: [80.73, 33.69, 31.01, 37.25, 54.33, 38.26, 40.62, 31.99, 38.64, 53.12]
task 10: [80.55, 32.97, 33.1, 37.92, 55.67, 39.6, 40.28, 31.99, 40.68, 51.74, 54.67]
