dataset: cub200
trainer: bimc_adaptive_risk_base_auto
seed: 1
runtime_sec: 61.665
final_acc: 71.23
final_harmonic_acc: 70.52
final_nll: 5.152344
final_brier: 0.993164
final_ece: 0.706479
acc_list: [80.59, 78.52, 77.76, 74.52, 73.86, 72.88, 72.28, 71.98, 70.65, 71.0, 71.23]
task-wise acc:
task  0: [80.59]
task  1: [79.85, 64.87]
task  2: [79.85, 64.87, 69.34]
task  3: [79.89, 63.8, 59.93, 46.98]
task  4: [79.61, 64.16, 59.23, 46.31, 69.33]
task  5: [79.26, 61.29, 58.19, 46.31, 71.33, 64.77]
task  6: [79.12, 61.29, 58.19, 45.97, 71.33, 64.77, 64.93]
task  7: [78.88, 61.29, 58.19, 45.97, 71.0, 64.43, 63.19, 72.05]
task  8: [78.77, 61.29, 57.84, 45.97, 71.0, 64.09, 59.03, 64.65, 61.69]
task  9: [78.74, 60.93, 58.19, 45.64, 71.0, 64.09, 60.07, 63.97, 58.64, 80.9]
task 10: [78.77, 60.93, 57.49, 45.64, 70.67, 63.76, 59.72, 63.97, 58.98, 79.86, 77.33]
