dataset: cub200
trainer: bimc_adaptive_risk_pseudo_prior_nll_margin
seed: 1
runtime_sec: 62.554
final_acc: 72.02
final_harmonic_acc: 71.33
final_nll: 5.144531
final_brier: 0.993164
final_ece: 0.71438
acc_list: [81.46, 79.26, 78.45, 75.24, 74.55, 73.44, 72.89, 72.76, 71.59, 71.88, 72.02]
task-wise acc:
task  0: [81.46]
task  1: [80.76, 63.8]
task  2: [80.66, 63.8, 70.73]
task  3: [80.55, 62.72, 61.67, 48.99]
task  4: [80.06, 63.44, 61.32, 49.66, 69.67]
task  5: [79.99, 60.22, 59.58, 48.66, 70.67, 63.76]
task  6: [79.78, 60.22, 59.58, 48.32, 71.0, 63.76, 66.67]
task  7: [79.64, 60.22, 59.58, 48.32, 71.0, 63.42, 64.93, 74.07]
task  8: [79.64, 60.22, 59.58, 47.99, 70.67, 63.42, 61.81, 68.01, 62.03]
task  9: [79.5, 60.22, 59.58, 47.65, 71.0, 63.42, 61.81, 68.01, 59.32, 81.25]
task 10: [79.54, 60.22, 58.54, 47.99, 70.33, 62.75, 61.81, 68.69, 58.64, 80.9, 76.67]
