dataset: cub200
trainer: bimc_adaptive_risk_universal
seed: 1
runtime_sec: 61.515
final_acc: 71.28
final_harmonic_acc: 70.6
final_nll: 5.144531
final_brier: 0.993164
final_ece: 0.706951
acc_list: [80.73, 78.49, 77.93, 74.54, 74.03, 73.05, 72.48, 72.27, 70.88, 71.17, 71.28]
task-wise acc:
task  0: [80.73]
task  1: [79.85, 64.52]
task  2: [79.96, 64.87, 70.38]
task  3: [79.71, 63.08, 61.32, 48.32]
task  4: [79.47, 63.44, 59.93, 47.65, 71.67]
task  5: [79.22, 60.93, 59.58, 47.32, 72.33, 64.43]
task  6: [79.12, 60.93, 59.58, 47.32, 72.67, 64.09, 64.93]
task  7: [78.91, 60.93, 59.93, 46.98, 72.0, 64.43, 62.85, 73.4]
task  8: [78.88, 60.93, 59.23, 46.64, 71.67, 64.43, 59.03, 66.33, 60.34]
task  9: [78.81, 60.93, 59.23, 46.64, 72.0, 64.09, 59.03, 65.66, 57.63, 80.56]
task 10: [78.7, 60.22, 58.89, 46.98, 72.0, 63.76, 59.72, 65.66, 55.93, 80.21, 76.67]
