dataset: cub200
trainer: bimc
seed: 1
runtime_sec: 76.074
final_acc: 72.2
final_harmonic_acc: 71.5
final_nll: 5.15537
final_brier: 0.993471
final_ece: 0.716161
acc_list: [81.88, 80.05, 79.13, 75.91, 74.9, 73.83, 72.97, 72.86, 71.76, 72.26, 72.2]
task-wise acc:
task  0: [81.88]
task  1: [81.32, 67.03]
task  2: [81.18, 67.03, 70.38]
task  3: [80.83, 66.31, 62.37, 50.67]
task  4: [80.55, 65.23, 60.63, 50.34, 68.0]
task  5: [80.48, 65.95, 59.23, 50.34, 68.67, 60.07]
task  6: [80.17, 65.95, 59.23, 50.34, 68.33, 59.4, 64.24]
task  7: [79.99, 65.59, 59.23, 50.34, 68.33, 59.4, 62.15, 75.08]
task  8: [79.96, 65.59, 59.58, 50.0, 68.67, 59.06, 59.72, 69.02, 62.37]
task  9: [80.03, 65.23, 58.89, 49.66, 68.33, 58.72, 59.72, 68.69, 60.0, 85.42]
task 10: [79.85, 65.23, 58.54, 50.0, 68.0, 58.05, 59.72, 68.69, 59.32, 84.72, 75.0]
