dataset: cub200
trainer: bimc_adaptive
seed: 1
runtime_sec: 76.438
final_acc: 72.49
acc_list: [82.05, 80.27, 79.3, 76.21, 75.07, 73.9, 73.39, 73.2, 71.94, 72.57, 72.49]
task-wise acc:
task  0: [82.05]
task  1: [81.56, 67.03]
task  2: [81.49, 65.95, 70.38]
task  3: [81.39, 64.87, 62.37, 50.34]
task  4: [80.8, 64.87, 60.28, 50.0, 69.0]
task  5: [80.73, 63.8, 59.93, 50.0, 69.0, 60.07]
task  6: [80.59, 63.8, 59.23, 50.0, 70.0, 60.74, 65.97]
task  7: [80.38, 63.44, 59.58, 49.66, 69.67, 60.4, 63.54, 75.76]
task  8: [80.31, 63.44, 58.89, 48.99, 68.67, 60.74, 61.11, 68.35, 63.39]
task  9: [80.27, 63.8, 59.23, 49.33, 69.67, 60.74, 61.46, 69.02, 60.34, 84.38]
task 10: [80.2, 63.08, 59.23, 48.99, 68.67, 60.07, 61.46, 69.02, 59.32, 83.68, 76.0]
